# t T1 T2
0.00 294.65 294.65
60.00 296.45 293.85
120.00 297.85 292.45
180.00 299.55 290.85
240.00 301.05 289.75
300.00 302.65 288.75
360.00 304.15 287.75
420.00 305.65 286.65
480.00 306.95 285.65
540.00 308.25 284.65
600.00 309.35 283.75
660.00 310.65 282.75
720.00 311.65 281.85
780.00 312.75 280.95
840.00 313.75 280.25
900.00 314.65 279.35
960.00 315.55 278.65
1020.00 316.45 277.85
1080.00 317.25 277.15
1140.00 317.95 276.45
1200.00 318.75 275.85
1260.00 319.45 275.25
1320.00 320.25 274.55
1380.00 320.95 273.95
1440.00 321.55 273.45
1500.00 322.15 272.95
1560.00 322.65 272.45
1620.00 323.15 273.05
